233.750
237.000
249.820
247.380
248.440
244.130
244.980
244.100
247.460
243.760
240.560
242.560
242.950
250.730
248.880
256.970
264.120
257.620
254.880
255.400
260.550
270.140
269.080
266.210
268.640
269.140
283.620
291.970
310.440
290.350
286.960
283.420
276.590
279.620
274.050
273.180
277.680
275.090
276.460
275.520
288.370
288.740
291.770
293.010
293.700
288.370
287.020
283.730
280.470
281.360
281.580
284.300
281.720
278.000
277.890
258.600
263.870
263.300
269.030
267.660
263.440
265.030
260.520
257.120
257.130
246.720
226.000
234.660
232.400
229.540
226.750
211.430
220.510
224.970
222.730
231.640
228.500
228.400
229.470
227.180
228.630
226.200
230.250
233.670
239.860
239.580
243.240
237.410
238.080
239.900
235.600
230.190
229.910
229.530
228.600
232.720
232.210
231.110
231.090
226.330
230.010
229.890
233.760
235.030
234.300
232.500
238.870
236.710
235.930
237.050
236.710
238.580
238.330
240.150
246.140
242.980
242.580
244.040
245.350
247.650
245.350
248.780
252.330
254.440
262.870
269.580
261.670
263.820
269.750
267.110
274.420
276.920
282.560
287.860
285.150
294.660
303.540
313.630
327.120
311.240
322.950
359.280
396.490
400.890
382.700
369.810
385.090
371.560
380.220
336.690
304.710
333.850
333.770
331.770
317.450
330.210
333.910
335.920
324.980
321.120
324.700
322.780
322.120
318.350
327.520
353.740
359.520
355.830
370.840
377.970
361.800
359.980
360.310
361.670
386.690
393.380
394.280
410.670
416.000
415.490
449.830
432.290
434.690
442.000
462.650
453.980
455.530
463.180
461.200
441.780
437.590
437.030
442.430
452.980
454.050
415.370
422.390
421.760
431.920
427.150
429.950
433.990
433.720
430.700
433.320
431.200
430.820
457.050
452.870
448.310
446.190
447.720
445.040
432.180
429.130
372.260
385.040
382.470
384.400
379.460
414.580
410.240
382.650
388.610
402.130
392.760
389.780
395.020
379.690
380.290
377.760
369.840
372.180
373.920
368.020
390.650
386.460
376.680
377.940
372.630
375.320
381.880
379.450
384.040
390.100
405.500
401.070
406.420
417.140
421.400
419.980
440.060
437.870
437.790
419.900
422.720
423.480
427.320
431.300
432.470
436.210
434.040
425.360
419.560
409.480
399.000
405.960
414.870
411.900
412.760
415.830
419.110
410.360
412.410
414.310
415.130
415.910
418.160
408.160
408.690
411.530
411.110
416.210
416.980
414.740
415.710
416.510
424.570
422.210
415.000
412.440
415.660
415.640
418.510
419.060
419.330
422.070
421.260
420.140
417.690
418.050
420.250
421.430
424.740
423.470
424.020
428.670
430.050
426.260
427.690
434.920
441.160
449.340
445.280
450.080
457.560
461.730
466.000
447.010
448.480
454.980
448.530
452.240
444.180
450.270
445.800
448.080
459.560
458.460
457.870
460.440
449.360
452.500
454.430
455.410
456.440
458.110
454.870
453.250
454.220
442.660
442.110
443.640
439.620
443.690
446.110
449.780
453.300
474.050
524.220
516.050
532.260
528.920
537.400
537.100
567.030
571.950
574.910
583.580
575.580
580.510
574.690
577.890
591.600
666.550
700.070
685.140
690.770
761.210
743.900
753.770
761.040
733.970
667.380
590.560
620.840
656.890
663.520
625.410
644.660
644.890
636.540
670.020
674.570
698.060
661.640
675.160
663.670
672.700
635.250
662.780
651.830
647.110
646.710
670.560
661.150
657.250
664.200
660.690
676.330
670.380
671.100
664.400
664.620
651.110
655.160
659.290
654.000
654.380
654.540
654.130
655.430
654.740
621.870
607.000
513.430
566.440
576.220
574.660
586.450
590.850
589.240
585.250
590.940
587.840
587.140
584.590
569.060
566.950
580.190
572.340
573.390
574.560
582.610
580.660
587.470
583.560
579.660
577.960
579.370
570.350
574.980
574.230
577.320
573.880
571.990
575.290
598.840
609.550
605.760
610.440
613.210
625.570
623.160
624.520
605.610
607.980
608.610
609.540
608.110
607.780
607.080
610.700
609.850
609.240
597.160
595.630
602.920
602.590
601.490
606.540
605.470
604.670
604.700
608.140
613.410
610.690
611.600
608.960
611.820
610.970
616.030
617.650
615.770
617.290
640.450
635.990
635.600
637.920
637.030
640.120
637.370
635.340
629.060
628.340
630.450
655.480
653.030
650.490
651.000
674.670
682.300
686.240
714.950
697.270
698.670
726.760
733.510
684.870
702.080
702.110
709.910
705.400
710.900
721.420
714.570
714.970
704.270
701.970
704.560
711.100
740.280
737.530
746.960
747.890
728.510
736.190
749.340
741.070
735.310
740.390
734.140
729.420
733.300
732.560
742.490
752.630
770.940
764.240
766.390
754.340
758.210
765.560
768.490
770.480
774.000
767.910
778.470
778.740
776.500
775.210
782.050
787.170
789.010
789.790
799.100
829.210
860.150
917.170
891.070
891.070
898.380
925.780
972.170
971.080
959.040
963.380
995.440
1017.050
1033.300
1135.410
989.350
886.160
888.870
900.860
899.780
904.370
785.430
810.110
824.830
819.630
821.170
827.340
899.660
872.030
895.210
892.910
919.840
918.840
921.460
893.750
894.410
915.560
918.010
918.510
914.550
920.730
965.490
982.430
1003.970
1013.020
1031.850
1016.110
1024.670
1049.560
1055.490
978.960
997.610
1008.320
996.520
995.360
1008.340
1008.190
1031.930
1049.410
1052.280
1048.890
1077.560
1119.030
1120.460
1171.910
1176.490
1149.050
1171.580
1188.830
1189.270
1222.660
1255.470
1283.300
1264.320
1271.220
1277.010
1232.690
1146.970
1191.330
1112.390
1179.220
1225.110
1238.190
1243.140
1253.430
1172.880
1071.710
971.380
1022.600
1047.510
1121.290
1044.720
1035.030
939.700
966.300
969.440
1045.140
1044.420
1041.900
1037.910
1079.110
1086.120
1097.400
1147.560
1141.770
1129.870
1188.700
1190.490
1180.780
1204.340
1206.710
1220.740
1212.530
1176.200
1177.330
1176.990
1176.800
1194.010
1206.090
1215.200
1238.090
1249.640
1240.890
1249.140
1248.180
1264.310
1286.630
1332.910
1329.620
1336.280
1351.910
1415.810
1445.930
1485.550
1516.760
1507.770
1545.290
1554.450
1664.470
1697.500
1752.310
1819.290
1686.390
1763.740
1772.550
1708.920
1729.340
1801.300
1880.990
1962.000
2040.180
2044.190
2124.410
2272.580
2445.280
2307.220
2244.890
2052.430
2189.020
2278.210
2192.550
2303.340
2412.650
2492.600
2545.430
2524.060
2704.960
2870.500
2691.510
2798.780
2811.430
2900.250
2973.450
2656.770
2712.990
2467.270
2442.460
2508.580
2655.100
2539.560
2616.820
2754.380
2677.620
2722.840
2710.370
2590.050
2541.620
2446.050
2583.750
2577.740
2558.370
2480.610
2424.610
2536.460
2572.470
2617.320
2627.860
2614.240
2513.880
2564.860
2511.430
2344.020
2324.290
2403.090
2362.440
2234.170
1975.080
1914.090
2233.390
2320.230
2282.580
2866.020
2675.080
2836.530
2756.610
2763.420
2582.580
2559.210
2691.880
2806.750
2733.500
2766.490
2883.270
2746.990
2720.530
2809.990
2878.490
3262.800
3232.030
3401.910
3429.380
3348.790
3425.670
3654.370
3871.620
4062.600
4327.940
4161.660
4387.400
4278.920
4105.370
4150.450
4066.600
4005.100
4089.700
4141.090
4318.350
4364.410
4352.300
4345.750
4390.310
4597.310
4583.020
4735.110
4921.850
4573.800
4612.920
4267.450
4409.080
4618.710
4635.600
4326.450
4335.130
4245.890
4217.900
4158.920
3870.290
3243.080
3713.760
3698.920
3689.610
4100.280
3907.960
3882.160
3617.270
3600.830
3788.020
3667.520
3932.830
3892.700
4212.200
4195.650
4172.790
4360.620
4403.090
4401.320
4314.180
4218.660
4321.440
4371.940
4435.810
4611.700
4777.490
4763.360
4824.200
5432.620
5637.260
5824.710
5688.140
5759.330
5598.580
5575.830
5698.650
5993.110
6006.650
5982.860
5903.610
5513.080
5734.000
5887.610
5764.560
5726.610
6147.520
6124.280
6451.240
6737.780
7024.810
7152.120
7363.800
7389.550
6959.230
7102.750
7444.360
7129.590
6565.800
6339.860
5878.130
6522.450
6597.060
7283.220
7853.680
7699.950
7780.910
8042.640
8244.690
8099.970
8234.550
8013.410
8200.800
8754.690
9318.420
9733.200
9906.040
9837.860
9946.760
10861.470
10912.730
11246.210
11623.910
11667.130
13749.570
16850.310
16047.610
14843.420
15059.600
16732.470
17083.900
16286.820
16467.910
17604.850
19345.490
19065.710
18972.320
17523.700
16461.970
15632.120
13664.970
14396.460
13789.950
13833.490
15756.560
15416.640
14398.700
14392.570
12531.520
13850.400
13444.880
14754.130
15156.620
15180.080
16954.780
17172.300
16228.160
14976.170
14468.500
14919.490
13308.060
13841.190
14243.120
13638.630
13631.980
11282.490
11162.700
11175.520
11521.760
12783.940
11549.930
10814.520
10858.230
11429.020
11202.690
10814.570
11504.840
11800.880
11130.210
10242.700
10141.600
9052.980
8801.430
9133.510
8433.930
6842.690
7644.830
7863.870
8253.940
8593.700
8580.380
8315.350
8900.540
8578.590
9455.850
10088.360
10221.440
10950.280
10603.750
11096.370
11443.760
10487.780
9971.590
10169.530
9631.160
9692.760
10370.510
10756.240
10435.130
10981.250
11127.480
11409.440
11419.180
11582.280
10783.310
9955.820
9295.350
9245.250
