16.509
14.784
13.799
12.774
14.755
14.144
14.045
14.291
14.784
14.883
14.972
15.149
15.198
15.178
15.100
15.376
15.671
15.770
15.543
15.011
14.981
15.041
14.696
14.558
14.390
14.193
14.035
14.410
14.834
14.804
14.489
14.686
14.686
14.784
14.774
14.489
14.183
14.144
13.799
14.065
13.749
13.700
13.976
14.045
14.045
13.808
14.163
14.015
13.996
14.636
14.449
14.676
14.587
14.587
14.676
14.981
15.178
15.159
15.100
15.918
16.263
16.509
16.342
16.036
16.263
15.868
16.016
16.066
16.460
16.489
16.115
15.652
15.218
15.080
14.784
15.021
14.853
14.981
14.784
14.853
14.784
15.080
15.011
14.863
14.735
14.508
14.636
14.627
14.686
15.031
15.109
15.198
15.376
15.277
15.405
15.277
15.277
15.188
15.080
14.843
15.031
15.178
14.863
14.262
14.291
14.686
14.558
14.784
15.080
15.031
15.464
15.622
15.967
15.819
15.573
15.474
15.770
15.011
15.277
15.228
15.326
15.622
15.661
15.750
15.770
16.361
16.509
16.657
16.371
16.460
16.647
16.755
16.499
16.519
16.489
16.371
16.351
16.371
16.351
16.351
16.351
16.351
16.391
16.460
16.706
16.726
16.499
16.617
16.164
15.918
15.474
15.238
15.336
15.918
16.026
16.223
16.184
16.263
16.411
16.460
16.440
16.430
16.411
16.460
16.401
16.598
16.489
16.706
16.332
16.213
16.154
16.046
16.204
16.243
16.657
17.475
17.445
17.692
17.731
17.721
17.593
17.248
17.278
17.169
17.721
17.613
17.140
17.150
17.051
16.342
16.558
15.918
15.770
15.987
15.987
15.967
16.302
15.957
15.918
16.135
16.125
16.460
16.558
16.381
16.598
16.578
16.608
16.677
16.568
16.450
15.967
15.770
15.760
15.622
15.809
16.066
16.066
16.036
15.987
15.770
15.819
15.967
15.770
15.819
15.819
15.770
16.174
15.928
15.967
16.066
15.819
16.046
16.263
16.342
16.322
16.322
16.184
16.361
16.509
16.854
17.051
17.396
17.800
17.919
17.790
18.086
18.530
18.362
18.608
18.234
18.283
18.244
18.599
18.411
18.283
18.263
18.056
18.963
19.318
18.973
18.924
18.914
19.417
19.397
20.097
20.599
20.994
20.974
20.797
20.304
20.846
20.905
20.856
21.033
20.934
20.885
20.688
20.787
20.156
19.712
19.476
20.353
20.185
20.392
20.698
20.452
20.353
20.156
20.442
21.693
22.906
24.532
24.138
24.345
24.640
23.063
23.290
23.635
23.428
23.063
23.162
23.231
23.428
23.891
23.320
22.521
21.891
20.915
20.028
24.128
23.103
22.344
22.236
22.985
23.645
23.359
23.753
23.359
23.537
23.556
23.507
24.148
24.049
23.162
23.438
23.960
24.148
24.148
23.950
23.389
23.675
24.197
25.133
25.626
25.429
25.744
26.306
26.296
26.119
25.380
25.557
25.922
25.872
25.774
25.596
25.567
25.636
26.119
26.306
26.907
27.045
26.474
26.710
27.045
27.154
27.154
27.341
27.292
26.769
26.474
26.907
26.661
26.602
24.443
26.119
25.626
24.838
23.024
23.950
23.931
24.295
25.182
25.311
24.473
25.084
24.571
24.246
24.384
24.611
24.522
25.212
25.764
25.488
25.853
25.922
25.882
26.020
26.415
25.892
25.971
26.543
25.912
26.217
26.119
26.888
25.527
26.178
26.424
26.710
26.533
26.355
26.612
26.651
26.277
26.306
26.415
26.415
26.168
26.602
26.503
26.572
26.267
26.217
26.513
26.592
26.553
26.267
26.168
26.178
25.912
23.970
22.157
22.669
23.359
22.669
22.383
22.176
21.388
21.023
22.442
22.462
22.916
22.265
22.571
22.669
22.127
22.482
22.472
22.423
22.176
22.226
22.078
21.979
22.442
22.275
22.423
22.275
23.487
22.985
22.817
22.482
22.423
21.831
21.654
22.137
20.994
20.353
20.304
21.703
21.437
22.176
21.339
21.092
21.141
20.649
20.609
20.944
22.216
22.709
22.709
22.866
22.758
22.758
22.521
22.324
22.176
22.186
21.871
21.684
21.891
21.289
21.201
21.299
20.905
21.496
21.822
21.979
22.807
22.787
22.472
22.078
22.669
22.669
22.669
22.817
23.655
24.404
24.177
23.694
23.655
24.542
24.493
23.842
23.852
24.079
24.493
24.621
24.581
24.532
24.345
24.621
25.133
25.626
25.330
24.985
25.813
25.478
25.320
25.488
25.626
25.518
24.926
25.232
25.498
25.478
25.577
25.626
25.616
25.419
25.567
25.518
25.084
24.995
25.301
25.084
24.936
24.798
24.236
24.000
24.148
24.640
25.232
25.232
25.320
26.316
26.001
26.651
26.336
26.148
26.582
26.296
26.710
27.351
26.208
26.454
25.922
26.277
26.168
26.809
27.390
27.006
27.292
26.907
26.405
25.527
26.474
26.020
26.316
26.129
26.405
26.553
27.095
26.533
25.922
26.523
26.809
27.006
27.055
26.986
27.006
27.213
28.090
28.001
28.287
29.076
28.583
28.760
30.554
31.244
31.352
32.131
32.525
32.545
32.752
32.673
32.762
33.215
34.299
33.708
33.511
33.067
31.993
32.082
33.018
33.570
33.846
34.230
34.911
34.753
34.842
35.413
35.798
37.306
37.197
36.468
38.153
40.312
41.662
41.002
41.889
40.706
42.175
42.884
43.456
42.579
41.248
41.889
39.671
41.751
41.327
40.016
40.903
41.002
41.396
40.805
39.977
38.636
38.360
38.695
38.528
39.168
39.287
40.115
39.080
39.030
38.124
38.439
38.932
38.932
39.080
38.350
39.040
39.030
39.178
38.942
39.198
39.385
39.030
39.030
38.439
39.415
38.981
39.306
39.129
39.178
38.981
39.021
39.030
39.001
38.981
38.981
39.405
39.149
39.050
39.425
39.563
42.598
42.598
47.970
48.285
47.901
47.556
47.024
49.527
50.917
52.908
51.853
50.365
51.518
50.769
51.055
51.558
51.745
52.218
50.917
49.774
50.473
51.252
50.828
51.558
51.252
51.893
51.567
51.449
51.627
51.400
51.163
51.449
51.932
52.238
53.667
54.061
53.135
54.199
54.367
54.278
55.421
57.599
58.299
58.644
58.772
58.654
58.398
58.151
57.806
58.151
58.151
57.925
58.841
60.911
62.587
63.760
65.701
68.441
68.303
68.500
68.500
68.205
68.895
73.162
71.556
73.271
69.979
71.162
69.437
73.034
72.620
71.950
70.077
72.216
72.127
71.457
72.127
71.950
73.034
72.916
74.907
75.892
75.390
75.183
72.837
74.670
74.611
73.034
72.147
71.566
73.428
73.133
72.719
72.630
72.246
71.211
70.964
67.919
65.445
65.297
63.868
65.543
69.042
67.623
65.750
65.790
64.854
64.164
66.470
66.815
68.008
66.657
66.440
65.543
65.051
67.751
67.032
66.332
66.135
65.376
64.656
64.558
65.238
67.909
68.008
70.462
72.541
71.950
74.500
77.600
78.930
82.000
82.000
80.000
80.000
80.200
81.690
82.220
81.700
83.990
81.740
82.600
83.990
83.370
82.960
82.500
83.620
86.000
86.000
85.500
86.000
86.040
85.310
83.630
82.700
81.500
79.700
81.400
81.030
82.790
83.400
81.850
81.910
82.500
83.200
86.490
87.000
87.000
87.200
87.280
87.390
86.780
86.500
87.200
86.690
85.650
85.320
85.700
84.810
84.200
84.840
84.000
84.610
87.000
86.800
86.500
86.500
85.060
84.710
84.800
84.900
84.400
80.520
81.010
83.400
84.200
85.550
83.800
82.010
90.010
94.650
100.000
104.600
107.000
106.600
103.900
106.000
109.500
113.900
112.000
114.000
113.150
111.050
112.150
114.800
116.250
114.550
115.000
113.550
113.900
115.700
115.950
115.850
119.000
117.000
117.800
117.950
114.500
111.500
111.750
112.500
113.300
113.400
113.800
117.800
118.500
117.950
120.600
120.000
119.200
121.000
124.500
126.250
125.200
124.900
114.750
107.400
107.000
110.000
111.300
113.500
112.450
106.000
104.800
105.000
107.100
104.500
98.000
101.500
96.800
96.350
99.560
97.990
95.920
94.000
89.500
91.670
97.090
95.350
96.500
95.950
99.900
99.550
100.350
100.150
102.000
99.000
97.000
98.000
98.000
99.000
100.700
100.000
98.150
104.200
107.000
105.800
111.100
119.000
119.700
121.300
119.300
118.300
116.500
112.000
114.800
115.800
114.000
116.000
115.000
113.400
109.500
106.000
111.300
111.000
106.200
106.700
109.100
108.900
108.900
110.800
109.000
109.000
109.500
109.700
108.600
106.900
107.600
107.000
104.800
105.900
106.000
103.600
109.800