16.51
14.78
13.80
12.77
14.76
14.14
14.05
14.29
14.78
14.88
14.97
15.15
15.20
15.18
15.10
15.38
15.67
15.77
15.54
15.01
14.98
15.04
14.70
14.56
14.39
14.19
14.04
14.41
14.83
14.80
14.49
14.69
14.69
14.78
14.77
14.49
14.18
14.14
13.80
14.07
13.75
13.70
13.98
14.05
14.05
13.81
14.16
14.02
14.00
14.64
14.45
14.68
14.59
14.59
14.68
14.98
15.18
15.16
15.10
15.92
16.26
16.51
16.34
16.04
16.26
15.87
16.02
16.07
16.46
16.49
16.12
15.65
15.22
15.08
14.78
15.02
14.85
14.98
14.78
14.85
14.78
15.08
15.01
14.86
14.74
14.51
14.64
14.63
14.69
15.03
15.11
15.20
15.38
15.28
15.41
15.28
15.28
15.19
15.08
14.84
15.03
15.18
14.86
14.26
14.29
14.69
14.56
14.78
15.08
15.03
15.46
15.62
15.97
15.82
15.57
15.47
15.77
15.01
15.28
15.23
15.33
15.62
15.66
15.75
15.77
16.36
16.51
16.66
16.37
16.46
16.65
16.76
16.50
16.52
16.49
16.37
16.35
16.37
16.35
16.35
16.35
16.35
16.39
16.46
16.71
16.73
16.50
16.62
16.16
15.92
15.47
15.24
15.34
15.92
16.03
16.22
16.18
16.26
16.41
16.46
16.44
16.43
16.41
16.46
16.40
16.60
16.49
16.71
16.33
16.21
16.15
16.05
16.20
16.24
16.66
17.48
17.45
17.69
17.73
17.72
17.59
17.25
17.28
17.17
17.72
17.61
17.14
17.15
17.05
16.34
16.56
15.92
15.77
15.99
15.99
15.97
16.30
15.96
15.92
16.14
16.13
16.46
16.56
16.38
16.60
16.58
16.61
16.68
16.57
16.45
15.97
15.77
15.76
15.62
15.81
16.07
16.07
16.04
15.99
15.77
15.82
15.97
15.77
15.82
15.82
15.77
16.17
15.93
15.97
16.07
15.82
16.05
16.26
16.34
16.32
16.32
16.18
16.36
16.51
16.85
17.05
17.40
17.80
17.92
17.79
18.09
18.53
18.36
18.61
18.23
18.28
18.24
18.60
18.41
18.28
18.26
18.06
18.96
19.32
18.97
18.92
18.91
19.42
19.40
20.10
20.60
20.99
20.97
20.80
20.30
20.85
20.91
20.86
21.03
20.93
20.89
20.69
20.79
20.16
19.71
19.48
20.35
20.19
20.39
20.70
20.45
20.35
20.16
20.44
21.69
22.91
24.53
24.14
24.35
24.64
23.06
23.29
23.64
23.43
23.06
23.16
23.23
23.43
23.89
23.32
22.52
21.89
20.92
20.03
24.13
23.10
22.34
22.24
22.99
23.65
23.36
23.75
23.36
23.54
23.56
23.51
24.15
24.05
23.16
23.44
23.96
24.15
24.15
23.95
23.39
23.68
24.20
25.13
25.63
25.43
25.74
26.31
26.30
26.12
25.38
25.56
25.92
25.87
25.77
25.60
25.57
25.64
26.12
26.31
26.91
27.05
26.47
26.71
27.05
27.15
27.15
27.34
27.29
26.77
26.47
26.91
26.66
26.60
24.44
26.12
25.63
24.84
23.02
23.95
23.93
24.30
25.18
25.31
24.47
25.08
24.57
24.25
24.38
24.61
24.52
25.21
25.76
25.49
25.85
25.92
25.88
26.02
26.42
25.89
25.97
26.54
25.91
26.22
26.12
26.89
25.53
26.18
26.42
26.71
26.53
26.36
26.61
26.65
26.28
26.31
26.42
26.42
26.17
26.60
26.50
26.57
26.27
26.22
26.51
26.59
26.55
26.27
26.17
26.18
25.91
23.97
22.16
22.67
23.36
22.67
22.38
22.18
21.39
21.02
22.44
22.46
22.92
22.27
22.57
22.67
22.13
22.48
22.47
22.42
22.18
22.23
22.08
21.98
22.44
22.28
22.42
22.28
23.49
22.99
22.82
22.48
22.42
21.83
21.65
22.14
20.99
20.35
20.30
21.70
21.44
22.18
21.34
21.09
21.14
20.65
20.61
20.94
22.22
22.71
22.71
22.87
22.76
22.76
22.52
22.32
22.18
22.19
21.87
21.68
21.89
21.29
21.20
21.30
20.91
21.50
21.82
21.98
22.81
22.79
22.47
22.08
22.67
22.67
22.67
22.82
23.66
24.40
24.18
23.69
23.66
24.54
24.49
23.84
23.85
24.08
24.49
24.62
24.58
24.53
24.35
24.62
25.13
25.63
25.33
24.99
25.81
25.48
25.32
25.49
25.63
25.52
24.93
25.23
25.50
25.48
25.58
25.63
25.62
25.42
25.57
25.52
25.08
25.00
25.30
25.08
24.94
24.80
24.24
24.00
24.15
24.64
25.23
25.23
25.32
26.32
26.00
26.65
26.34
26.15
26.58
26.30
26.71
27.35
26.21
26.45
25.92
26.28
26.17
26.81
27.39
27.01
27.29
26.91
26.41
25.53
26.47
26.02
26.32
26.13
26.41
26.55
27.10
26.53
25.92
26.52
26.81
27.01
27.06
26.99
27.01
27.21
28.09
28.00
28.29
29.08
28.58
28.76
30.55
31.24
31.35
32.13
32.53
32.55
32.75
32.67
32.76
33.22
34.30
33.71
33.51
33.07
31.99
32.08
33.02
33.57
33.85
34.23
34.91
34.75
34.84
35.41
35.80
37.31
37.20
36.47
38.15
40.31
41.66
41.00
41.89
40.71
42.18
42.88
43.46
42.58
41.25
41.89
39.67
41.75
41.33
40.02
40.90
41.00
41.40
40.81
39.98
38.64
38.36
38.70
38.53
39.17
39.29
40.12
39.08
39.03
38.12
38.44
38.93
38.93
39.08
38.35
39.04
39.03
39.18
38.94
39.20
39.39
39.03
39.03
38.44
39.42
38.98
39.31
39.13
39.18
38.98
39.02
39.03
39.00
38.98
38.98
39.41
39.15
39.05
39.43
39.56
42.60
42.60
47.97
48.29
47.90
47.56
47.02
49.53
50.92
52.91
51.85
50.37
51.52
50.77
51.06
51.56
51.75
52.22
50.92
49.77
50.47
51.25
50.83
51.56
51.25
51.89
51.57
51.45
51.63
51.40
51.16
51.45
51.93
52.24
53.67
54.06
53.14
54.20
54.37
54.28
55.42
57.60
58.30
58.64
58.77
58.65
58.40
58.15
57.81
58.15
58.15
57.93
58.84
60.91
62.59
63.76
65.70
68.44
68.30
68.50
68.50
68.21
68.90
73.16
71.56
73.27
69.98
71.16
69.44
73.03
72.62
71.95
70.08
72.22
72.13
71.46
72.13
71.95
73.03
72.92
74.91
75.89
75.39
75.18
72.84
74.67
74.61
73.03
72.15
71.57
73.43
73.13
72.72
72.63
72.25
71.21
70.96
67.92
65.45
65.30
63.87
65.54
69.04
67.62
65.75
65.79
64.85
64.16
66.47
66.82
68.01
66.66
66.44
65.54
65.05
67.75
67.03
66.33
66.14
65.38
64.66
64.56
65.24
67.91
68.01
70.46
72.54
71.95
74.50
77.60
78.93
82.00
82.00
80.00
80.00
80.20
81.69
82.22
81.70
83.99
81.74
82.60
83.99
83.37
82.96
82.50
83.62
86.00
86.00
85.50
86.00
86.04
85.31
83.63
82.70
81.50
79.70
81.40
81.03
82.79
83.40
81.85
81.91
82.50
83.20
86.49
87.00
87.00
87.20
87.28
87.39
86.78
86.50
87.20
86.69
85.65
85.32
85.70
84.81
84.20
84.84
84.00
84.61
87.00
86.80
86.50
86.50
85.06
84.71
84.80
84.90
84.40
80.52
81.01
83.40
84.20
85.55
83.80
82.01
90.01
94.65
100.00
104.60
107.00
106.60
103.90
106.00
109.50
113.90
112.00
114.00
113.15
111.05
112.15
114.80
116.25
114.55
115.00
113.55
113.90
115.70
115.95
115.85
119.00
117.00
117.80
117.95
114.50
111.50
111.75
112.50
113.30
113.40
113.80
117.80
118.50
117.95
120.60
120.00
119.20
121.00
124.50
126.25
125.20
124.90
114.75
107.40
107.00
110.00
111.30
113.50
112.45
106.00
104.80
105.00
107.10
104.50
98.00
101.50
96.80
96.35
99.56
97.99
95.92
94.00
89.50
91.67
97.09
95.35
96.50
95.95
99.90
99.55
100.35
100.15
102.00
99.00
97.00
98.00
98.00
99.00
100.70
100.00
98.15
104.20
107.00
105.80
111.10
119.00
119.70
121.30
119.30
118.30
116.50
112.00
114.80
115.80
114.00
116.00
115.00
113.40
109.50
106.00
111.30
111.00
106.20
106.70
109.10
108.90
108.90
110.80
109.00
109.00
109.50
109.70
108.60
106.90
107.60
107.00
104.80
105.90
106.00
103.60
109.80
